0.000000000000000000e+00 0.000000000000000000e+00
9.999999999999999124e-05 1.325143553028887769e-02
1.999999999999999825e-04 2.147560558515494364e-02
2.999999999999999737e-04 2.671444097087048719e-02
3.999999999999999650e-04 3.040219996070567254e-02
5.000000000000000104e-04 3.318349234630225963e-02
5.999999999999999474e-04 3.538309802352291450e-02
6.999999999999998845e-04 3.718320526000695042e-02
7.999999999999999299e-04 3.869472129244298092e-02
8.999999999999999754e-04 3.998951231953131596e-02
1.000000000000000021e-03 4.111647803707195459e-02
1.099999999999999849e-03 4.211021882782052528e-02
1.199999999999999895e-03 4.299601319503549429e-02
1.299999999999999940e-03 4.379282763394592992e-02
1.399999999999999769e-03 4.451521653837419573e-02
1.499999999999999814e-03 4.517456570667340715e-02
1.599999999999999860e-03 4.577993181938839334e-02
1.699999999999999905e-03 4.633862453160165346e-02
1.799999999999999951e-03 4.685661963231032429e-02
1.899999999999999779e-03 4.733885839231143783e-02
2.000000000000000042e-03 4.778946844040650455e-02
2.099999999999999870e-03 4.821192941783816049e-02
2.199999999999999699e-03 4.860919904847994799e-02
2.299999999999999961e-03 4.898381036049596210e-02
2.399999999999999790e-03 4.933794756702356704e-02
2.499999999999999618e-03 4.967350594223800958e-02
2.599999999999999881e-03 4.999213954472045418e-02
2.699999999999999709e-03 5.029529960689733264e-02
2.799999999999999538e-03 5.058426567971251869e-02
2.899999999999999800e-03 5.086017109937399083e-02
2.999999999999999629e-03 5.112402396214936473e-02
3.099999999999999891e-03 5.137672452224444075e-02
3.199999999999999720e-03 5.161907970586052108e-02
3.299999999999999548e-03 5.185181529991493565e-02
3.399999999999999811e-03 5.207558623914614049e-02
3.499999999999999639e-03 5.229098533587828168e-02
3.599999999999999901e-03 5.249855072479072543e-02
3.699999999999999730e-03 5.269877223898613433e-02
3.799999999999999559e-03 5.289209689722564750e-02
3.899999999999999821e-03 5.307893364369407896e-02
4.000000000000000083e-03 5.325965745913761873e-02
4.099999999999999478e-03 5.343461293944321705e-02
4.199999999999999740e-03 5.360411742165348964e-02
4.300000000000000003e-03 5.376846372396932444e-02
4.399999999999999398e-03 5.392792255447544092e-02
4.499999999999999660e-03 5.408274463567958046e-02
4.599999999999999922e-03 5.423316258335656587e-02
4.699999999999999317e-03 5.437939257280233196e-02
4.799999999999999580e-03 5.452163582062090341e-02
4.899999999999999842e-03 5.466007990529325733e-02
4.999999999999999237e-03 5.479489994754754151e-02
5.099999999999999499e-03 5.492625966722512743e-02
5.199999999999999761e-03 5.505431233230659305e-02
5.299999999999999156e-03 5.517920161236387899e-02
5.399999999999999419e-03 5.530106234773799617e-02
5.499999999999999681e-03 5.542002124462811624e-02
5.599999999999999076e-03 5.553619750357435131e-02
5.699999999999999338e-03 5.564970338954838142e-02
5.799999999999999600e-03 5.576064474979119945e-02
5.899999999999999863e-03 5.586912148359556018e-02
5.999999999999999258e-03 5.597522797246572146e-02
6.099999999999999520e-03 5.607905347208640839e-02
6.199999999999999782e-03 5.618068246839366675e-02
6.299999999999999177e-03 5.628019500626157273e-02
6.399999999999999439e-03 5.637766698984100766e-02
6.499999999999999702e-03 5.647317045783780548e-02
6.599999999999999097e-03 5.656677383705187301e-02
6.699999999999999359e-03 5.665854217563322248e-02
6.799999999999999621e-03 5.674853735753323386e-02
6.899999999999999016e-03 5.683681830161966403e-02
6.999999999999999278e-03 5.692344114429659374e-02
7.099999999999999541e-03 5.700845940898923575e-02
7.199999999999999803e-03 5.709192416320556240e-02
7.299999999999999198e-03 5.717388416359334841e-02
7.399999999999999460e-03 5.725438599134648893e-02
7.499999999999999722e-03 5.733347417718594879e-02
7.599999999999999117e-03 5.741119131813384596e-02
7.699999999999999380e-03 5.748757818572709094e-02
7.799999999999999642e-03 5.756267382732590393e-02
7.899999999999999037e-03 5.763651566021968375e-02
8.000000000000000167e-03 5.770913955960717268e-02
8.099999999999999561e-03 5.778057994076149506e-02
8.199999999999998956e-03 5.785086983585336490e-02
8.300000000000000086e-03 5.792004096581231110e-02
8.399999999999999481e-03 5.798812380774728131e-02
8.499999999999998876e-03 5.805514765795036919e-02
8.600000000000000006e-03 5.812114069112123832e-02
8.699999999999999400e-03 5.818613001595648176e-02
8.799999999999998795e-03 5.825014172734598039e-02
8.899999999999999925e-03 5.831320095545398929e-02
8.999999999999999320e-03 5.837533191189593629e-02
9.099999999999998715e-03 5.843655793321203551e-02
9.199999999999999845e-03 5.849690152182557279e-02
9.299999999999999239e-03 5.855638438465545631e-02
9.399999999999998634e-03 5.861502746950592729e-02
9.499999999999999764e-03 5.867285099963710782e-02
9.599999999999999159e-03 5.872987450582655561e-02
9.699999999999998554e-03 5.878611685765702116e-02
9.799999999999999684e-03 5.884159629189260332e-02
9.899999999999999079e-03 5.889633044061386158e-02
9.999999999999998473e-03 5.895033635661095506e-02
1.009999999999999960e-02 5.900363053846947869e-02
1.019999999999999900e-02 5.905622895372908410e-02
1.029999999999999839e-02 5.910814706063951401e-02
1.039999999999999952e-02 5.915939983128466056e-02
1.049999999999999892e-02 5.921000176739517340e-02
1.059999999999999831e-02 5.925996692338432459e-02
1.069999999999999944e-02 5.930930892235357355e-02
1.079999999999999884e-02 5.935804097356791459e-02
1.089999999999999823e-02 5.940617588891240058e-02
1.099999999999999936e-02 5.945372609816526599e-02
1.109999999999999876e-02 5.950070366406611660e-02
1.119999999999999815e-02 5.954712029557117370e-02
1.129999999999999928e-02 5.959298736280415482e-02
1.139999999999999868e-02 5.963831590828973239e-02
1.149999999999999981e-02 5.968311666016750533e-02
1.159999999999999920e-02 5.972740004269277980e-02
1.169999999999999860e-02 5.977117622127120500e-02
1.179999999999999973e-02 5.981445494963591458e-02
1.189999999999999912e-02 5.985724590521155491e-02
1.199999999999999852e-02 5.989955837343828582e-02
1.209999999999999964e-02 5.994140142095025214e-02
1.219999999999999904e-02 5.998278386983853933e-02
1.229999999999999843e-02 6.002371430754545323e-02
1.239999999999999956e-02 6.006420109449495115e-02
1.249999999999999896e-02 6.010425237207445148e-02
1.259999999999999835e-02 6.014387606990081320e-02
1.269999999999999948e-02 6.018307991315535732e-02
1.279999999999999888e-02 6.022187142918070113e-02
1.289999999999999827e-02 6.026025795419531761e-02
1.299999999999999940e-02 6.029824663954762992e-02
1.309999999999999880e-02 6.033584445775309196e-02
1.319999999999999819e-02 6.037305820828993419e-02
1.329999999999999932e-02 6.040989452316341407e-02
1.339999999999999872e-02 6.044635987234020513e-02
1.349999999999999811e-02 6.048246056847794011e-02
1.359999999999999924e-02 6.051820277254404273e-02
1.369999999999999864e-02 6.055359249803972388e-02
1.379999999999999803e-02 6.058863561577362833e-02
1.389999999999999916e-02 6.062333785814535275e-02
1.399999999999999856e-02 6.065770482343815773e-02
1.409999999999999795e-02 6.069174197986765273e-02
1.419999999999999908e-02 6.072545466949106491e-02
1.429999999999999848e-02 6.075884811299295252e-02
1.439999999999999961e-02 6.079192740841142528e-02
1.449999999999999900e-02 6.082469754423679847e-02
1.459999999999999840e-02 6.085716339336930819e-02
1.469999999999999953e-02 6.088932972097605562e-02
1.479999999999999892e-02 6.092120118673729351e-02
1.489999999999999832e-02 6.095278234786646182e-02
1.499999999999999944e-02 6.098407766200403951e-02
1.509999999999999884e-02 6.101509149012369904e-02
1.519999999999999823e-02 6.104582809915267555e-02
1.529999999999999936e-02 6.107629166455012804e-02
1.539999999999999876e-02 6.110648627301080299e-02
1.549999999999999815e-02 6.113641592479045206e-02
1.559999999999999928e-02 6.116608453610074964e-02
1.569999999999999868e-02 6.119549594139488125e-02
1.579999999999999807e-02 6.122465389557721349e-02
1.589999999999999747e-02 6.125356207613923826e-02
1.600000000000000033e-02 6.128222408522532305e-02
1.609999999999999973e-02 6.131064345163053653e-02
1.619999999999999912e-02 6.133882363273402555e-02
1.629999999999999852e-02 6.136676801636903322e-02
1.639999999999999791e-02 6.139447992263333959e-02
1.649999999999999731e-02 6.142196260564155436e-02
1.660000000000000017e-02 6.144921925519421235e-02
1.669999999999999957e-02 6.147625299851836034e-02
1.679999999999999896e-02 6.150306690174336260e-02
1.689999999999999836e-02 6.152966397148406513e-02
1.699999999999999775e-02 6.155604715634938745e-02
1.709999999999999715e-02 6.158221934838149780e-02
1.720000000000000001e-02 6.160818338445889913e-02
1.729999999999999941e-02 6.163394204765786089e-02
1.739999999999999880e-02 6.165949806857212029e-02
1.749999999999999820e-02 6.168485412659262257e-02
1.759999999999999759e-02 6.171001285114970092e-02
1.769999999999999699e-02 6.173497682291741867e-02
1.779999999999999985e-02 6.175974857498302273e-02
1.789999999999999925e-02 6.178433059398139027e-02
1.799999999999999864e-02 6.180872532119659202e-02
1.809999999999999803e-02 6.183293515363130072e-02
1.819999999999999743e-02 6.185696244504529373e-02
1.829999999999999682e-02 6.188080950696413923e-02
1.839999999999999969e-02 6.190447860965875293e-02
1.849999999999999908e-02 6.192797198309725470e-02
1.859999999999999848e-02 6.195129181786995093e-02
1.869999999999999787e-02 6.197444026605491291e-02
1.879999999999999727e-02 6.199741944222079276e-02
1.889999999999999666e-02 6.202023142413001094e-02
1.899999999999999953e-02 6.204287825348206442e-02
1.909999999999999892e-02 6.206536193712489796e-02
1.919999999999999832e-02 6.208768444724507146e-02
1.929999999999999771e-02 6.210984772272452881e-02
1.939999999999999711e-02 6.213185366947784199e-02
1.949999999999999997e-02 6.215370416115718888e-02
1.959999999999999937e-02 6.217540104025151559e-02
1.969999999999999876e-02 6.219694611835834691e-02
1.979999999999999816e-02 6.221834117692244537e-02
1.989999999999999755e-02 6.223958796806886018e-02
1.999999999999999695e-02 6.226068821506930417e-02
2.009999999999999981e-02 6.228164361299905888e-02
2.019999999999999921e-02 6.230245582933006954e-02
2.029999999999999860e-02 6.232312650451288932e-02
2.039999999999999800e-02 6.234365725254201185e-02
2.049999999999999739e-02 6.236404966151089940e-02
2.059999999999999679e-02 6.238430529369427824e-02
2.069999999999999965e-02 6.240442568823011127e-02
2.079999999999999905e-02 6.242441235745067180e-02
2.089999999999999844e-02 6.244426679143906533e-02
2.099999999999999784e-02 6.246399045655016968e-02
2.109999999999999723e-02 6.248358479625566730e-02
2.119999999999999662e-02 6.250305123160782017e-02
2.129999999999999949e-02 6.252239116168933908e-02
2.139999999999999888e-02 6.254160596405214378e-02
2.149999999999999828e-02 6.256069701361867408e-02
2.159999999999999767e-02 6.257966556391501844e-02
2.169999999999999707e-02 6.259851304469010724e-02
2.179999999999999646e-02 6.261724071739281638e-02
2.189999999999999933e-02 6.263584982022842029e-02
2.199999999999999872e-02 6.265434163175323534e-02
2.209999999999999812e-02 6.267271739021861021e-02
2.219999999999999751e-02 6.269097831564665602e-02
2.229999999999999691e-02 6.270912560940884728e-02
2.239999999999999630e-02 6.272716045611709257e-02
2.249999999999999917e-02 6.274508402241270322e-02
2.259999999999999856e-02 6.276289745806805376e-02
2.269999999999999796e-02 6.278060189615240760e-02
2.279999999999999735e-02 6.279819841029712912e-02
2.289999999999999675e-02 6.281568817250401948e-02
2.299999999999999961e-02 6.283307231190213282e-02
2.309999999999999901e-02 6.285035176715594862e-02
2.319999999999999840e-02 6.286752765035050206e-02
2.329999999999999780e-02 6.288460100066722847e-02
2.339999999999999719e-02 6.290157287513259421e-02
2.349999999999999659e-02 6.291844418637766723e-02
2.359999999999999945e-02 6.293521602792581660e-02
2.369999999999999885e-02 6.295188934939868752e-02
2.379999999999999824e-02 6.296846511931235291e-02
2.389999999999999764e-02 6.298494430167769775e-02
2.399999999999999703e-02 6.300132781148824745e-02
2.409999999999999643e-02 6.301761660517075925e-02
2.419999999999999929e-02 6.303381158989766753e-02
2.429999999999999868e-02 6.304991366961280874e-02
2.439999999999999808e-02 6.306592373602130930e-02
2.449999999999999747e-02 6.308184266883873348e-02
2.459999999999999687e-02 6.309767133586181853e-02
2.469999999999999626e-02 6.311341059337668979e-02
2.479999999999999913e-02 6.312906128622591817e-02
2.489999999999999852e-02 6.314462424803767016e-02
2.499999999999999792e-02 6.316010030141723519e-02
2.509999999999999731e-02 6.317549025813531949e-02
2.519999999999999671e-02 6.319079491926844760e-02
2.529999999999999610e-02 6.320601507554990395e-02
2.539999999999999897e-02 6.322115150729480659e-02
2.549999999999999836e-02 6.323620498473746243e-02
2.559999999999999776e-02 6.325117626816020855e-02
2.569999999999999715e-02 6.326606610805921016e-02
2.579999999999999655e-02 6.328087524530698338e-02
2.589999999999999941e-02 6.329560441131157345e-02
2.599999999999999881e-02 6.331025432817176390e-02
2.609999999999999820e-02 6.332482570883092576e-02
2.619999999999999760e-02 6.333931925722581513e-02
2.629999999999999699e-02 6.335373566843340021e-02
2.639999999999999639e-02 6.336807562881503764e-02
2.649999999999999925e-02 6.338233981615691570e-02
2.659999999999999865e-02 6.339652889980815220e-02
2.669999999999999804e-02 6.341064354092983135e-02
2.679999999999999744e-02 6.342468439214991871e-02
2.689999999999999683e-02 6.343865209844566644e-02
2.699999999999999623e-02 6.345254729674597305e-02
2.709999999999999909e-02 6.346637061619406217e-02
2.719999999999999848e-02 6.348012267826948218e-02
2.729999999999999788e-02 6.349380409690918992e-02
2.739999999999999727e-02 6.350741547860555558e-02
2.749999999999999667e-02 6.352095742259773747e-02
2.759999999999999606e-02 6.353443052087429099e-02
2.769999999999999893e-02 6.354783535835739627e-02
2.779999999999999832e-02 6.356117251299389648e-02
2.789999999999999772e-02 6.357444255586250370e-02
2.799999999999999711e-02 6.358764605127928404e-02
2.809999999999999651e-02 6.360078355690056140e-02
2.819999999999999590e-02 6.361385562382383674e-02
2.829999999999999877e-02 6.362686279668751388e-02
2.839999999999999816e-02 6.363980561376629541e-02
2.849999999999999756e-02 6.365268460705648945e-02
2.859999999999999695e-02 6.366550030345796696e-02
2.869999999999999635e-02 6.367825321978694275e-02
2.879999999999999921e-02 6.369094387259334467e-02
2.889999999999999861e-02 6.370357276889390685e-02
2.899999999999999800e-02 6.371614041073560275e-02
2.909999999999999740e-02 6.372864729444820131e-02
2.919999999999999679e-02 6.374109391072053932e-02
2.929999999999999619e-02 6.375348074468152604e-02
2.939999999999999905e-02 6.376580827598138379e-02
2.949999999999999845e-02 6.377807697887112603e-02
2.959999999999999784e-02 6.379028732228071707e-02
2.969999999999999724e-02 6.380243976989626031e-02
2.979999999999999663e-02 6.381453478023509096e-02
2.989999999999999603e-02 6.382657280669841449e-02
2.999999999999999889e-02 6.383855429773049872e-02
3.009999999999999828e-02 6.385047969676271862e-02
3.019999999999999768e-02 6.386234944236733602e-02
3.029999999999999707e-02 6.387416396830698784e-02
3.039999999999999647e-02 6.388592370363543882e-02
3.049999999999999586e-02 6.389762907263149549e-02
3.059999999999999873e-02 6.390928049506151842e-02
3.069999999999999812e-02 6.392087838611486272e-02
3.079999999999999752e-02 6.393242315649858010e-02
3.089999999999999691e-02 6.394391521250038235e-02
3.099999999999999631e-02 6.395535495604920406e-02
3.109999999999999570e-02 6.396674278477608444e-02
3.119999999999999857e-02 6.397807909207280097e-02
3.129999999999999449e-02 6.398936426715053083e-02
3.139999999999999736e-02 6.400059869509673594e-02
3.150000000000000022e-02 6.401178275693152064e-02
3.159999999999999615e-02 6.402291682966308739e-02
3.169999999999999901e-02 6.403400128634201272e-02
3.179999999999999494e-02 6.404503649611449634e-02
3.189999999999999780e-02 6.405602282427570737e-02
3.200000000000000067e-02 6.406696063232072968e-02
3.209999999999999659e-02 6.407785027799586808e-02
3.219999999999999946e-02 6.408869211534867771e-02
3.229999999999999538e-02 6.409948649477717475e-02
3.239999999999999825e-02 6.411023376307806165e-02
3.249999999999999417e-02 6.412093426349489700e-02
3.259999999999999704e-02 6.413158833576437790e-02
3.269999999999999990e-02 6.414219631616296935e-02
3.279999999999999583e-02 6.415275853755178503e-02
3.289999999999999869e-02 6.416327532942195377e-02
3.299999999999999462e-02 6.417374701793766845e-02
3.309999999999999748e-02 6.418417392595354709e-02
3.320000000000000034e-02 6.419455637316175134e-02
3.329999999999999627e-02 6.420489467597856326e-02
3.339999999999999913e-02 6.421518914767727904e-02
3.349999999999999506e-02 6.422544009844602386e-02
3.359999999999999792e-02 6.423564783536447886e-02
3.369999999999999385e-02 6.424581266248455269e-02
3.379999999999999671e-02 6.425593488085930283e-02
3.389999999999999958e-02 6.426601478858057215e-02
3.399999999999999550e-02 6.427605268081670875e-02
3.409999999999999837e-02 6.428604884984946699e-02
3.419999999999999429e-02 6.429600358511020075e-02
3.429999999999999716e-02 6.430591717321584855e-02
3.440000000000000002e-02 6.431578989800387780e-02
3.449999999999999595e-02 6.432562204056750665e-02
3.459999999999999881e-02 6.433541387928919109e-02
3.469999999999999474e-02 6.434516568987469487e-02
3.479999999999999760e-02 6.435487774538613259e-02
3.489999999999999353e-02 6.436455031627462409e-02
3.499999999999999639e-02 6.437418367041235212e-02
3.509999999999999926e-02 6.438377807312424539e-02
3.519999999999999518e-02 6.439333378721918966e-02
3.529999999999999805e-02 6.440285107302066991e-02
3.539999999999999397e-02 6.441233018839713498e-02
3.549999999999999684e-02 6.442177138879177922e-02
3.559999999999999970e-02 6.443117492725153328e-02
3.569999999999999563e-02 6.444054105445683189e-02
3.579999999999999849e-02 6.444987001874906418e-02
3.589999999999999442e-02 6.445916206615957822e-02
3.599999999999999728e-02 6.446841744043670108e-02
3.610000000000000014e-02 6.447763638307316136e-02
3.619999999999999607e-02 6.448681913333338678e-02
3.629999999999999893e-02 6.449596592827926134e-02
3.639999999999999486e-02 6.450507700279667356e-02
3.649999999999999772e-02 6.451415258962123200e-02
3.659999999999999365e-02 6.452319291936334245e-02
3.669999999999999651e-02 6.453219822053329890e-02
3.679999999999999938e-02 6.454116871956602774e-02
3.689999999999999530e-02 6.455010464084520727e-02
3.699999999999999817e-02 6.455900620672712364e-02
3.709999999999999409e-02 6.456787363756423537e-02
3.719999999999999696e-02 6.457670715172889042e-02
3.729999999999999982e-02 6.458550696560408366e-02
3.739999999999999575e-02 6.459427329373045035e-02
3.749999999999999861e-02 6.460300634864497848e-02
3.759999999999999454e-02 6.461170634102342270e-02
3.769999999999999740e-02 6.462037347967272694e-02
3.779999999999999333e-02 6.462900797159436272e-02
3.789999999999999619e-02 6.463761002179853332e-02
3.799999999999999906e-02 6.464617983372972221e-02
3.809999999999999498e-02 6.465471760888889807e-02
3.819999999999999785e-02 6.466322354709269637e-02
3.829999999999999377e-02 6.467169784629026030e-02
3.839999999999999664e-02 6.468014070278300942e-02
3.849999999999999950e-02 6.468855231125543448e-02
3.859999999999999543e-02 6.469693286456611181e-02
3.869999999999999829e-02 6.470528255400960493e-02
3.879999999999999422e-02 6.471360156908698147e-02
3.889999999999999708e-02 6.472189009780107694e-02
3.899999999999999994e-02 6.473014832645371253e-02
3.909999999999999587e-02 6.473837643988587798e-02
3.919999999999999873e-02 6.474657462121957696e-02
3.929999999999999466e-02 6.475474305210901504e-02
3.939999999999999752e-02 6.476288191254010729e-02
3.949999999999999345e-02 6.477099138109401744e-02
3.959999999999999631e-02 6.477907163480051134e-02
3.969999999999999918e-02 6.478712284919663222e-02
3.979999999999999510e-02 6.479514519833956543e-02
3.989999999999999797e-02 6.480313885482695546e-02
3.999999999999999389e-02 6.481110398980997889e-02
4.009999999999999676e-02 6.481904077300984501e-02
4.019999999999999962e-02 6.482694937273257574e-02
4.029999999999999555e-02 6.483482995588475684e-02
4.039999999999999841e-02 6.484268268798806800e-02
4.049999999999999434e-02 6.485050773319474271e-02
4.059999999999999720e-02 6.485830525430119620e-02
4.069999999999999313e-02 6.486607541276333266e-02
4.079999999999999599e-02 6.487381836871027041e-02
4.089999999999999886e-02 6.488153428095883024e-02
4.099999999999999478e-02 6.488922330702855124e-02
4.109999999999999765e-02 6.489688560316221599e-02
4.119999999999999357e-02 6.490452132383542350e-02
4.129999999999999644e-02 6.491213062404931067e-02
4.139999999999999930e-02 6.491971365507046010e-02
4.149999999999999523e-02 6.492727056847522049e-02
4.159999999999999809e-02 6.493480151427630243e-02
4.169999999999999402e-02 6.494230664127370600e-02
4.179999999999999688e-02 6.494978609707190154e-02
4.189999999999999974e-02 6.495724002809322162e-02
4.199999999999999567e-02 6.496466857959007357e-02
4.209999999999999853e-02 6.497207189565690211e-02
4.219999999999999446e-02 6.497945011924229075e-02
4.229999999999999732e-02 6.498680339216064694e-02
4.239999999999999325e-02 6.499413185510383162e-02
4.249999999999999611e-02 6.500143564765203941e-02
4.259999999999999898e-02 6.500871490828655230e-02
4.269999999999999490e-02 6.501596977439860758e-02
4.279999999999999777e-02 6.502320038230288701e-02
4.289999999999999369e-02 6.503040686443095630e-02
4.299999999999999656e-02 6.503758938189409256e-02
4.309999999999999942e-02 6.504474795507758644e-02
4.319999999999999535e-02 6.505188289419154557e-02
4.329999999999999821e-02 6.505899422269348364e-02
4.339999999999999414e-02 6.506608208626610268e-02
4.349999999999999700e-02 6.507314663678942512e-02
4.359999999999999293e-02 6.508018796053714750e-02
4.369999999999999579e-02 6.508720620615672525e-02
4.379999999999999866e-02 6.509420149976195835e-02
4.389999999999999458e-02 6.510117396650090538e-02
4.399999999999999745e-02 6.510812373056606983e-02
4.409999999999999337e-02 6.511505091520371213e-02
4.419999999999999624e-02 6.512195564272262038e-02
4.429999999999999910e-02 6.512883803465928378e-02
4.439999999999999503e-02 6.513569821116629854e-02
4.449999999999999789e-02 6.514253629195426720e-02
4.459999999999999382e-02 6.514935239551124246e-02
4.469999999999999668e-02 6.515614664008852197e-02
4.479999999999999261e-02 6.516291914188226952e-02
4.489999999999999547e-02 6.516967001741481857e-02
4.499999999999999833e-02 6.517639938164611346e-02
4.509999999999999426e-02 6.518310734885145175e-02
4.519999999999999712e-02 6.518979403245604709e-02
4.529999999999999305e-02 6.519645954504325880e-02
4.539999999999999591e-02 6.520310399836214132e-02
4.549999999999999878e-02 6.520972746427455835e-02
4.559999999999999470e-02 6.521633012702224286e-02
4.569999999999999757e-02 6.522291205841071471e-02
4.579999999999999349e-02 6.522947336745679725e-02
4.589999999999999636e-02 6.523601412866314453e-02
4.599999999999999922e-02 6.524253462875395648e-02
4.609999999999999515e-02 6.524903472777215940e-02
4.619999999999999801e-02 6.525551463242720840e-02
4.629999999999999394e-02 6.526197444730912067e-02
4.639999999999999680e-02 6.526841427624968661e-02
4.649999999999999273e-02 6.527483422232895072e-02
4.659999999999999559e-02 6.528123438788258071e-02
4.669999999999999846e-02 6.528761491562758146e-02
4.679999999999999438e-02 6.529397581557516705e-02
4.689999999999999725e-02 6.530031724031178098e-02
4.699999999999999317e-02 6.530663926587788881e-02
4.709999999999999604e-02 6.531294203826125411e-02
4.719999999999999890e-02 6.531922562888506367e-02
4.729999999999999483e-02 6.532549013505400959e-02
4.739999999999999769e-02 6.533173565339508992e-02
4.749999999999999362e-02 6.533796227984560445e-02
4.759999999999999648e-02 6.534417010966407646e-02
4.769999999999999241e-02 6.535035923743633124e-02
4.779999999999999527e-02 6.535652976596190156e-02
4.789999999999999813e-02 6.536268176150787645e-02
4.799999999999999406e-02 6.536881534401974003e-02
4.809999999999999692e-02 6.537493059622546954e-02
4.819999999999999285e-02 6.538102760943841074e-02
4.829999999999999571e-02 6.538710647433494672e-02
4.839999999999999858e-02 6.539316728096065956e-02
4.849999999999999450e-02 6.539921011873509049e-02
4.859999999999999737e-02 6.540523507645833179e-02
4.869999999999999329e-02 6.541124224231532891e-02
4.879999999999999616e-02 6.541723170388287489e-02
4.889999999999999902e-02 6.542320354811725913e-02
4.899999999999999495e-02 6.542915786147682211e-02
4.909999999999999781e-02 6.543509472962574791e-02
4.919999999999999374e-02 6.544101423780802895e-02
4.929999999999999660e-02 6.544691647063484441e-02
4.939999999999999253e-02 6.545280151214058484e-02
4.949999999999999539e-02 6.545866944578658531e-02
4.959999999999999826e-02 6.546452035446737039e-02
4.969999999999999418e-02 6.547035432051492854e-02
4.979999999999999705e-02 6.547617142570379134e-02
4.989999999999999297e-02 6.548197175125564096e-02
4.999999999999999584e-02 6.548775537784519429e-02
5.009999999999999870e-02 6.549352238560302020e-02
5.019999999999999463e-02 6.549927285412185385e-02
5.029999999999999749e-02 6.550500686241866877e-02
5.039999999999999342e-02 6.551072448910623403e-02
5.049999999999999628e-02 6.551642581214925376e-02
5.059999999999999221e-02 6.552211090903281576e-02
5.069999999999999507e-02 6.552777985672683658e-02
5.079999999999999793e-02 6.553343273168986405e-02
5.089999999999999386e-02 6.553906960987358754e-02
5.099999999999999672e-02 6.554469056672744542e-02
5.109999999999999265e-02 6.555029567720239980e-02
5.119999999999999551e-02 6.555588501575551619e-02
5.129999999999999838e-02 6.556145865635397418e-02
5.139999999999999430e-02 6.556701667247949450e-02
5.149999999999999717e-02 6.557255913713194717e-02
5.159999999999999309e-02 6.557808612283413940e-02
5.169999999999999596e-02 6.558359770163510460e-02
5.179999999999999882e-02 6.558909394511427959e-02
5.189999999999999475e-02 6.559457492438562631e-02
5.199999999999999761e-02 6.560004071010148985e-02
5.209999999999999354e-02 6.560549137245637319e-02
5.219999999999999640e-02 6.561092698119054545e-02
5.229999999999999233e-02 6.561634760559463542e-02
5.239999999999999519e-02 6.562175331451204630e-02
5.249999999999999806e-02 6.562714417634374353e-02
5.259999999999999398e-02 6.563252025905162712e-02
5.269999999999999685e-02 6.563788163016151533e-02
5.279999999999999277e-02 6.564322835676865420e-02
5.289999999999999564e-02 6.564856050553774525e-02
5.299999999999999850e-02 6.565387814271080036e-02
5.309999999999999443e-02 6.565918133410736379e-02
5.319999999999999729e-02 6.566447014512905023e-02
5.329999999999999322e-02 6.566974464076333340e-02
5.339999999999999608e-02 6.567500488569914807e-02
5.349999999999999201e-02 6.568025094386668872e-02
5.359999999999999487e-02 6.568548287915478012e-02
5.369999999999999774e-02 6.569070075492601524e-02
5.379999999999999366e-02 6.569590463414519410e-02
5.389999999999999653e-02 6.570109457938207165e-02
5.399999999999999245e-02 6.570627065281496593e-02
5.409999999999999531e-02 6.571143291623386673e-02
5.419999999999999818e-02 6.571658143104389116e-02
5.429999999999999410e-02 6.572171625826649100e-02
5.439999999999999697e-02 6.572683745854566995e-02
5.449999999999999289e-02 6.573194509214819181e-02
5.459999999999999576e-02 6.573703921896839608e-02
5.469999999999999862e-02 6.574211989852998816e-02
5.479999999999999455e-02 6.574718718997041300e-02
5.489999999999999741e-02 6.575224115211954212e-02
5.499999999999999334e-02 6.575728184339053872e-02
5.509999999999999620e-02 6.576230932185449241e-02
5.519999999999999213e-02 6.576732364522930308e-02
5.529999999999999499e-02 6.577232487087800172e-02
5.539999999999999786e-02 6.577731305581430155e-02
5.549999999999999378e-02 6.578228825670418001e-02
5.559999999999999665e-02 6.578725052986911237e-02
5.569999999999999257e-02 6.579219993128901378e-02
5.579999999999999544e-02 6.579713651660365481e-02
5.589999999999999830e-02 6.580206034111663049e-02
5.599999999999999423e-02 6.580697145979716445e-02
5.609999999999999709e-02 6.581186992728318974e-02
5.619999999999999302e-02 6.581675579788397179e-02
5.629999999999999588e-02 6.582162912558149614e-02
5.639999999999999181e-02 6.582648996403557551e-02
5.649999999999999467e-02 6.583133836658262850e-02
5.659999999999999754e-02 6.583617438624163321e-02
5.669999999999999346e-02 6.584099807571471008e-02
5.679999999999999633e-02 6.584580948738848194e-02
5.689999999999999225e-02 6.585060867333816792e-02
5.699999999999999512e-02 6.585539568532476629e-02
5.709999999999999798e-02 6.586017057477301651e-02
5.719999999999999390e-02 6.586493339402726965e-02
5.729999999999999677e-02 6.586968419087464721e-02
5.739999999999999269e-02 6.587442301859734728e-02
5.749999999999999556e-02 6.587914992667977254e-02
5.759999999999999842e-02 6.588386496505969914e-02
5.769999999999999435e-02 6.588856818340188548e-02
5.779999999999999721e-02 6.589325963108025319e-02
5.789999999999999314e-02 6.589793935718379903e-02
5.799999999999999600e-02 6.590260741051341686e-02
5.809999999999999193e-02 6.590726383958603329e-02
5.819999999999999479e-02 6.591190869263761909e-02
5.829999999999999766e-02 6.591654201762206511e-02
5.839999999999999358e-02 6.592116386221653912e-02
5.849999999999999645e-02 6.592577427382198541e-02
5.859999999999999237e-02 6.593037329956545622e-02
5.869999999999999524e-02 6.593496098630204083e-02
5.879999999999999810e-02 6.593953738061655856e-02
5.889999999999999403e-02 6.594410252882694501e-02
5.899999999999999689e-02 6.594865647698387734e-02
5.909999999999999282e-02 6.595319927087447964e-02
5.919999999999999568e-02 6.595773095602537606e-02
5.929999999999999161e-02 6.596225157770044256e-02
5.939999999999999447e-02 6.596676118090850915e-02
5.949999999999999734e-02 6.597125981039834997e-02
5.959999999999999326e-02 6.597574751066799525e-02
5.969999999999999613e-02 6.598022432596066522e-02
5.979999999999999205e-02 6.598469030024751991e-02
5.989999999999999492e-02 6.598914547731782321e-02
5.999999999999999778e-02 6.599358990064566055e-02
6.009999999999999371e-02 6.599802361348303115e-02
6.019999999999999657e-02 6.600244665883936435e-02
6.029999999999999249e-02 6.600685907948090902e-02
6.039999999999999536e-02 6.601126091793467487e-02
6.049999999999999128e-02 6.601565221648904302e-02
6.059999999999999415e-02 6.602003301719720774e-02
6.069999999999999701e-02 6.602440336190747161e-02
6.079999999999999294e-02 6.602876329214060758e-02
6.089999999999999580e-02 6.603311284927911029e-02
6.099999999999999173e-02 6.603745207444775001e-02
6.109999999999999459e-02 6.604178100853935751e-02
6.119999999999999746e-02 6.604609969222276222e-02
6.129999999999999338e-02 6.605040816594222319e-02
6.139999999999999625e-02 6.605470646991500050e-02
6.149999999999999217e-02 6.605899464414077826e-02
6.159999999999999504e-02 6.606327272839657150e-02
6.169999999999999790e-02 6.606754076224152783e-02
6.179999999999999383e-02 6.607179878501907855e-02
6.189999999999999669e-02 6.607604683585259486e-02
6.199999999999999262e-02 6.608028495365769750e-02
6.209999999999999548e-02 6.608451317713258388e-02
6.219999999999999141e-02 6.608873154476786749e-02
6.229999999999999427e-02 6.609294009484019405e-02
6.239999999999999714e-02 6.609713886542369077e-02
6.249999999999999306e-02 6.610132789438101508e-02
6.259999999999998899e-02 6.610550721937237528e-02
6.269999999999999185e-02 6.610967687785378188e-02
6.279999999999999472e-02 6.611383690707701988e-02
6.289999999999999758e-02 6.611798734409657374e-02
6.300000000000000044e-02 6.612212822576239712e-02
6.309999999999998943e-02 6.612625958873168119e-02
6.319999999999999230e-02 6.613038146946108309e-02
6.329999999999999516e-02 6.613449390421423379e-02
6.339999999999999802e-02 6.613859692905876830e-02
6.350000000000000089e-02 6.614269057986871259e-02
6.359999999999998987e-02 6.614677489233054819e-02
6.369999999999999274e-02 6.615084990193739745e-02
6.379999999999999560e-02 6.615491564399443580e-02
6.389999999999999847e-02 6.615897215361929429e-02
6.400000000000000133e-02 6.616301946574265624e-02
6.409999999999999032e-02 6.616705761511076922e-02
6.419999999999999318e-02 6.617108663628942788e-02
6.429999999999999605e-02 6.617510656365430122e-02
6.439999999999999891e-02 6.617911743140864056e-02
6.449999999999998790e-02 6.618311927356723690e-02
6.459999999999999076e-02 6.618711212397435095e-02
6.469999999999999363e-02 6.619109601629016848e-02
6.479999999999999649e-02 6.619507098400156941e-02
6.489999999999999936e-02 6.619903706042022662e-02
6.499999999999998834e-02 6.620299427868146791e-02
6.509999999999999121e-02 6.620694267175214476e-02
6.519999999999999407e-02 6.621088227242233337e-02
6.529999999999999694e-02 6.621481311331477160e-02
6.539999999999999980e-02 6.621873522688154212e-02
6.549999999999998879e-02 6.622264864540761131e-02
6.559999999999999165e-02 6.622655340101255006e-02
6.569999999999999452e-02 6.623044952564220711e-02
6.579999999999999738e-02 6.623433705108716651e-02
6.590000000000000024e-02 6.623821600896639961e-02
6.599999999999998923e-02 6.624208643074323832e-02
6.609999999999999210e-02 6.624594834771323215e-02
6.619999999999999496e-02 6.624980179098718946e-02
6.629999999999999782e-02 6.625364679159449766e-02
6.640000000000000069e-02 6.625748338033161933e-02
6.649999999999998967e-02 6.626131158785708575e-02
6.659999999999999254e-02 6.626513144467938154e-02
6.669999999999999540e-02 6.626894298114392734e-02
6.679999999999999827e-02 6.627274622744129540e-02
6.689999999999998725e-02 6.627654121362944184e-02
6.699999999999999012e-02 6.628032796959285045e-02
6.709999999999999298e-02 6.628410652506798451e-02
6.719999999999999585e-02 6.628787690964163537e-02
6.729999999999999871e-02 6.629163915275425312e-02
6.739999999999998770e-02 6.629539328369352114e-02
6.749999999999999056e-02 6.629913933160483386e-02
6.759999999999999343e-02 6.630287732548535706e-02
6.769999999999999629e-02 6.630660729418301480e-02
6.779999999999999916e-02 6.631032926640556546e-02
6.789999999999998814e-02 6.631404327071430127e-02
6.799999999999999101e-02 6.631774933552928020e-02
6.809999999999999387e-02 6.632144748912888188e-02
6.819999999999999674e-02 6.632513775965011293e-02
6.829999999999999960e-02 6.632882017508656691e-02
6.839999999999998859e-02 6.633249476329788896e-02
6.849999999999999145e-02 6.633616155200593167e-02
6.859999999999999432e-02 6.633982056878853784e-02
6.869999999999999718e-02 6.634347184109191942e-02
6.880000000000000004e-02 6.634711539622858978e-02
6.889999999999998903e-02 6.635075126136949497e-02
6.899999999999999190e-02 6.635437946355997318e-02
6.909999999999999476e-02 6.635800002970500266e-02
6.919999999999999762e-02 6.636161298658131702e-02
6.930000000000000049e-02 6.636521836083100756e-02
6.939999999999998948e-02 6.636881617897361085e-02
6.949999999999999234e-02 6.637240646738365446e-02
6.959999999999999520e-02 6.637598925232536529e-02
6.969999999999999807e-02 6.637956455992147231e-02
6.979999999999998705e-02 6.638313241617425919e-02
6.989999999999998992e-02 6.638669284695125627e-02
6.999999999999999278e-02 6.639024587800622379e-02
7.009999999999999565e-02 6.639379153495966746e-02
7.019999999999999851e-02 6.639732984330530552e-02
7.029999999999998750e-02 6.640086082842573678e-02
7.039999999999999036e-02 6.640438451556658628e-02
7.049999999999999323e-02 6.640790092986477433e-02
7.059999999999999609e-02 6.641141009632527126e-02
7.069999999999999896e-02 6.641491203983272695e-02
7.079999999999998794e-02 6.641840678516626462e-02
7.089999999999999081e-02 6.642189435696937982e-02
7.099999999999999367e-02 6.642537477977848714e-02
7.109999999999999654e-02 6.642884807800335245e-02
7.119999999999999940e-02 6.643231427594586957e-02
7.129999999999998839e-02 6.643577339778980462e-02
7.139999999999999125e-02 6.643922546759940817e-02
7.149999999999999412e-02 6.644267050932617380e-02
7.159999999999999698e-02 6.644610854681175238e-02
7.169999999999999984e-02 6.644953960377959767e-02
7.179999999999998883e-02 6.645296370384061457e-02
7.189999999999999170e-02 6.645638087050015352e-02
7.199999999999999456e-02 6.645979112714799075e-02
7.209999999999999742e-02 6.646319449705985483e-02
7.220000000000000029e-02 6.646659100341062443e-02
7.229999999999998928e-02 6.646998066925505211e-02
7.239999999999999214e-02 6.647336351755057937e-02
7.249999999999999500e-02 6.647673957113935106e-02
7.259999999999999787e-02 6.648010885276094128e-02
7.269999999999998685e-02 6.648347138504677456e-02
7.279999999999998972e-02 6.648682719051698942e-02
7.289999999999999258e-02 6.649017629159281739e-02
7.299999999999999545e-02 6.649351871059583363e-02
7.309999999999999831e-02 6.649685446972891656e-02
7.319999999999998730e-02 6.650018359110637656e-02
7.329999999999999016e-02 6.650350609672985025e-02
7.339999999999999303e-02 6.650682200850568937e-02
7.349999999999999589e-02 6.651013134823301198e-02
7.359999999999999876e-02 6.651343413761082179e-02
7.369999999999998774e-02 6.651673039824879119e-02
7.379999999999999061e-02 6.652002015163610560e-02
7.389999999999999347e-02 6.652330341918423484e-02
7.399999999999999634e-02 6.652658022219211376e-02
7.409999999999999920e-02 6.652985058186421108e-02
7.419999999999998819e-02 6.653311451931250009e-02
7.429999999999999105e-02 6.653637205554044365e-02
7.439999999999999392e-02 6.653962321146780767e-02
7.449999999999999678e-02 6.654286800791719969e-02
7.459999999999999964e-02 6.654610646558267728e-02
7.469999999999998863e-02 6.654933860514623822e-02
7.479999999999999150e-02 6.655256444712152886e-02
7.489999999999999436e-02 6.655578401195257066e-02
7.499999999999999722e-02 6.655899731997917679e-02
7.510000000000000009e-02 6.656220439146916246e-02
7.519999999999998908e-02 6.656540524658027813e-02
7.529999999999999194e-02 6.656859990538707694e-02
7.539999999999999480e-02 6.657178838788213593e-02
7.549999999999999767e-02 6.657497071395415689e-02
7.559999999999998666e-02 6.657814690344547592e-02
7.569999999999998952e-02 6.658131697594814324e-02
7.579999999999999238e-02 6.658448095120984844e-02
7.589999999999999525e-02 6.658763884873024341e-02
7.599999999999999811e-02 6.659079068796161516e-02
7.609999999999998710e-02 6.659393648825658041e-02
7.619999999999998996e-02 6.659707626890561116e-02
7.629999999999999283e-02 6.660021004908707465e-02
7.639999999999999569e-02 6.660333784795502421e-02
7.649999999999999856e-02 6.660645968444520171e-02
7.659999999999998754e-02 6.660957557752986147e-02
7.669999999999999041e-02 6.661268554602235714e-02
7.679999999999999327e-02 6.661578960876841926e-02
7.689999999999999614e-02 6.661888778441243941e-02
7.699999999999999900e-02 6.662198009157239975e-02
7.709999999999998799e-02 6.662506654873545653e-02
7.719999999999999085e-02 6.662814717434796530e-02
7.729999999999999372e-02 6.663122198683642250e-02
7.739999999999999658e-02 6.663429100434940799e-02
7.749999999999999944e-02 6.663735424515938865e-02
7.759999999999998843e-02 6.664041172735932217e-02
7.769999999999999130e-02 6.664346346899120699e-02
7.779999999999999416e-02 6.664650948801306707e-02
7.789999999999999702e-02 6.664954980225699932e-02
7.799999999999999989e-02 6.665258442960989016e-02
7.809999999999998888e-02 6.665561338774653177e-02
7.819999999999999174e-02 6.665863669431858207e-02
7.829999999999999460e-02 6.666165436688584189e-02
7.839999999999999747e-02 6.666466642294426037e-02
7.849999999999998646e-02 6.666767287994401769e-02
7.859999999999998932e-02 6.667067375515026151e-02
7.869999999999999218e-02 6.667366906586509601e-02
7.879999999999999505e-02 6.667665882927832632e-02
7.889999999999999791e-02 6.667964306250728779e-02
7.899999999999998690e-02 6.668262178259773409e-02
7.909999999999998976e-02 6.668559500649642868e-02
7.919999999999999263e-02 6.668856275112244880e-02
7.929999999999999549e-02 6.669152503329131565e-02
7.939999999999999836e-02 6.669448186974122339e-02
7.949999999999998734e-02 6.669743327717030101e-02
7.959999999999999021e-02 6.670037927217212226e-02
7.969999999999999307e-02 6.670331987127826878e-02
7.979999999999999594e-02 6.670625509096066164e-02
7.989999999999999880e-02 6.670918494761986228e-02
7.999999999999998779e-02 6.671210945757237443e-02
8.009999999999999065e-02 6.671502863707177988e-02
8.019999999999999352e-02 6.671794250230120293e-02
8.029999999999999638e-02 6.672085106939365517e-02
8.039999999999999925e-02 6.672375435438447633e-02
8.049999999999998823e-02 6.672665237325234311e-02
8.059999999999999110e-02 6.672954514192062925e-02
8.069999999999999396e-02 6.673243267622772090e-02
8.079999999999999682e-02 6.673531499196280747e-02
8.089999999999999969e-02 6.673819210482183351e-02
8.099999999999998868e-02 6.674106403045869385e-02
8.109999999999999154e-02 6.674393078444748606e-02
8.119999999999999440e-02 6.674679238232131273e-02
8.129999999999999727e-02 6.674964883950769423e-02
8.139999999999998626e-02 6.675250017140997583e-02
8.149999999999998912e-02 6.675534639333174924e-02
8.159999999999999198e-02 6.675818752054669958e-02
8.169999999999999485e-02 6.676102356822752326e-02
8.179999999999999771e-02 6.676385455152242243e-02
8.189999999999998670e-02 6.676668048548925483e-02
8.199999999999998956e-02 6.676950138513081112e-02
8.209999999999999243e-02 6.677231726539480106e-02
8.219999999999999529e-02 6.677512814116688677e-02
8.229999999999999816e-02 6.677793402728095240e-02
8.239999999999998714e-02 6.678073493789696280e-02
8.249999999999999001e-02 6.678353088914511237e-02
8.259999999999999287e-02 6.678632189447163137e-02
8.269999999999999574e-02 6.678910796873178957e-02
8.279999999999999860e-02 6.679188912648861831e-02
8.289999999999998759e-02 6.679466538217483651e-02
8.299999999999999045e-02 6.679743675019889082e-02
8.309999999999999332e-02 6.680020324487680183e-02
8.319999999999999618e-02 6.680296488049869419e-02
8.329999999999999905e-02 6.680572167127922512e-02
8.339999999999998803e-02 6.680847363139896800e-02
8.349999999999999090e-02 6.681122077492510081e-02
8.359999999999999376e-02 6.681396311591432380e-02
8.369999999999999662e-02 6.681670066837476496e-02
8.379999999999999949e-02 6.681943344620897007e-02
8.389999999999998848e-02 6.682216146329132689e-02
8.399999999999999134e-02 6.682488473345790658e-02
8.409999999999999420e-02 6.682760327044150184e-02
8.419999999999999707e-02 6.683031708797135262e-02
8.429999999999998606e-02 6.683302619967475267e-02
8.439999999999998892e-02 6.683573061918678115e-02
8.449999999999999178e-02 6.683843035999635640e-02
8.459999999999999465e-02 6.684112543562789610e-02
8.469999999999999751e-02 6.684381585947099524e-02
8.479999999999998650e-02 6.684650164492422775e-02
8.489999999999998936e-02 6.684918280532631263e-02
8.499999999999999223e-02 6.685185935391768641e-02
8.509999999999999509e-02 6.685453130393269328e-02
8.519999999999999796e-02 6.685719866851932980e-02
8.529999999999998694e-02 6.685986146078509718e-02
8.539999999999998981e-02 6.686251969379897186e-02
8.549999999999999267e-02 6.686517338056224835e-02
8.559999999999999554e-02 6.686782253403442122e-02
8.569999999999999840e-02 6.687046716181245520e-02
8.579999999999998739e-02 6.687310728980125352e-02
8.589999999999999025e-02 6.687574292579714919e-02
8.599999999999999312e-02 6.687837409064141536e-02
8.609999999999999598e-02 6.688100075158412428e-02
8.619999999999999885e-02 6.688362292553978738e-02
8.629999999999998783e-02 6.688624072104686069e-02
8.639999999999999070e-02 6.688885407360249669e-02
8.649999999999999356e-02 6.689146300435226677e-02
8.659999999999999643e-02 6.689406752738957795e-02
8.669999999999999929e-02 6.689666765569356188e-02
8.679999999999998828e-02 6.689926340186905240e-02
8.689999999999999114e-02 6.690185477831700478e-02
8.699999999999999400e-02 6.690444181847607363e-02
8.709999999999999687e-02 6.690702449230576110e-02
8.719999999999998586e-02 6.690960283323192648e-02
8.729999999999998872e-02 6.691217685337882970e-02
8.739999999999999158e-02 6.691474656481184724e-02
8.749999999999999445e-02 6.691731197952391352e-02
8.759999999999999731e-02 6.691987310946544143e-02
8.769999999999998630e-02 6.692242996661758314e-02
8.779999999999998916e-02 6.692498256282240765e-02
8.789999999999999203e-02 6.692753090988411147e-02
8.799999999999999489e-02 6.693007501963132988e-02
8.809999999999999776e-02 6.693261490378989154e-02
8.819999999999998674e-02 6.693515057403399970e-02
8.829999999999998961e-02 6.693768204201623606e-02
8.839999999999999247e-02 6.694020931934428764e-02
8.849999999999999534e-02 6.694273241774946481e-02
8.859999999999999820e-02 6.694525134839528213e-02
8.869999999999998719e-02 6.694776612291870876e-02
8.879999999999999005e-02 6.695027675275919132e-02
8.889999999999999292e-02 6.695278324927200764e-02
8.899999999999999578e-02 6.695528562380786974e-02
8.909999999999999865e-02 6.695778388751831567e-02
8.919999999999998763e-02 6.696027805193784099e-02
8.929999999999999050e-02 6.696276812829901615e-02
8.939999999999999336e-02 6.696525412741023697e-02
8.949999999999999623e-02 6.696773606041674098e-02
8.959999999999998521e-02 6.697021393873645034e-02
8.969999999999998808e-02 6.697268777321456479e-02
8.979999999999999094e-02 6.697515757484630294e-02
8.989999999999999380e-02 6.697762335459581107e-02
8.999999999999999667e-02 6.698008512335841547e-02
9.009999999999998566e-02 6.698254289201235889e-02
9.019999999999998852e-02 6.698499667144429404e-02
9.029999999999999138e-02 6.698744647232693361e-02
9.039999999999999425e-02 6.698989230547745810e-02
9.049999999999999711e-02 6.699233418158134779e-02
9.059999999999998610e-02 6.699477211131431298e-02
9.069999999999998896e-02 6.699720610531487153e-02
9.079999999999999183e-02 6.699963617415370665e-02
9.089999999999999469e-02 6.700206232834614306e-02
9.099999999999999756e-02 6.700448453938873117e-02
9.109999999999998654e-02 6.700690289400260125e-02
9.119999999999998941e-02 6.700931736505000291e-02
9.129999999999999227e-02 6.701172796264573406e-02
9.139999999999999514e-02 6.701413469693981440e-02
9.149999999999999800e-02 6.701653757757014551e-02
9.159999999999998699e-02 6.701893661818084102e-02
9.169999999999998985e-02 6.702133181327336875e-02
9.179999999999999272e-02 6.702372317759963671e-02
9.189999999999999558e-02 6.702611066772069803e-02
9.199999999999999845e-02 6.702849463644200423e-02
9.209999999999998743e-02 6.703087462346735137e-02
9.219999999999999030e-02 6.703325082941757884e-02
9.229999999999999316e-02 6.703562326431165841e-02
9.239999999999999603e-02 6.703799193809897861e-02
9.249999999999998501e-02 6.704035686071427302e-02
9.259999999999998788e-02 6.704271804205182150e-02
9.269999999999999074e-02 6.704507549202402827e-02
9.279999999999999361e-02 6.704742922039874653e-02
9.289999999999999647e-02 6.704977923693830610e-02
9.299999999999998546e-02 6.705212555141877584e-02
9.309999999999998832e-02 6.705446817363608369e-02
9.319999999999999118e-02 6.705680711319417231e-02
9.329999999999999405e-02 6.705914237968609026e-02
9.339999999999999691e-02 6.706147396097122959e-02
9.349999999999998590e-02 6.706380190920864515e-02
9.359999999999998876e-02 6.706612620989663154e-02
9.369999999999999163e-02 6.706844689196214682e-02
9.379999999999999449e-02 6.707076393237977607e-02
9.389999999999999736e-02 6.707307736024355205e-02
9.399999999999998634e-02 6.707538720387047626e-02
9.409999999999998921e-02 6.707769342933994627e-02
9.419999999999999207e-02 6.707999606696508910e-02
9.429999999999999494e-02 6.708229512615063173e-02
9.439999999999999780e-02 6.708459061614582830e-02
9.449999999999998679e-02 6.708688254612882318e-02
9.459999999999998965e-02 6.708917092530627957e-02
9.469999999999999252e-02 6.709145576285979740e-02
9.479999999999999538e-02 6.709373706795704329e-02
9.489999999999999825e-02 6.709601484957711248e-02
9.499999999999998723e-02 6.709828911696590070e-02
9.509999999999999010e-02 6.710055987900521990e-02
9.519999999999999296e-02 6.710282714474984089e-02
9.529999999999999583e-02 6.710509092321952085e-02
9.539999999999998481e-02 6.710735122316081880e-02
9.549999999999998768e-02 6.710960806293048142e-02
9.559999999999999054e-02 6.711186143247049873e-02
9.569999999999999341e-02 6.711411134140504720e-02
9.579999999999999627e-02 6.711635781656442867e-02
9.589999999999998526e-02 6.711860085748820592e-02
9.599999999999998812e-02 6.712084047299905765e-02
9.609999999999999098e-02 6.712307667187718263e-02
9.619999999999999385e-02 6.712530946261087428e-02
9.629999999999999671e-02 6.712753885389909081e-02
9.639999999999998570e-02 6.712976485448861330e-02
9.649999999999998856e-02 6.713198747287761614e-02
9.659999999999999143e-02 6.713420671758375813e-02
9.669999999999999429e-02 6.713642259720652150e-02
9.679999999999999716e-02 6.713863512030808500e-02
9.689999999999998614e-02 6.714084429526888387e-02
9.699999999999998901e-02 6.714305013054852611e-02
9.709999999999999187e-02 6.714525263459865390e-02
9.719999999999999474e-02 6.714745181572041866e-02
9.729999999999999760e-02 6.714964768220689495e-02
9.739999999999998659e-02 6.715184024257726814e-02
9.749999999999998945e-02 6.715402950499303747e-02
9.759999999999999232e-02 6.715621547776536027e-02
9.769999999999999518e-02 6.715839816906225834e-02
9.779999999999999805e-02 6.716057758711979631e-02
9.789999999999998703e-02 6.716275374026078882e-02
9.799999999999998990e-02 6.716492663649251127e-02
9.809999999999999276e-02 6.716709628395603482e-02
9.819999999999999563e-02 6.716926269063935862e-02
9.829999999999998461e-02 6.717142586477166388e-02
9.839999999999998748e-02 6.717358581420880548e-02
9.849999999999999034e-02 6.717574254718680637e-02
9.859999999999999321e-02 6.717789607156808562e-02
9.869999999999999607e-02 6.718004639529255584e-02
9.879999999999998506e-02 6.718219352635726449e-02
9.889999999999998792e-02 6.718433747244116627e-02
9.899999999999999079e-02 6.718647824164282467e-02
9.909999999999999365e-02 6.718861584174687374e-02
9.919999999999999651e-02 6.719075028054338761e-02
9.929999999999998550e-02 6.719288156585440097e-02
9.939999999999998836e-02 6.719500970547445662e-02
9.949999999999999123e-02 6.719713470707669445e-02
9.959999999999999409e-02 6.719925657812049480e-02
9.969999999999999696e-02 6.720137532686169812e-02
9.979999999999998594e-02 6.720349096051447813e-02
9.989999999999998881e-02 6.720560348683236873e-02
9.999999999999999167e-02 6.720771291347278631e-02
